46.33 55.05 42.11 48.55 44.93 57.29 54.15 59.28 43.29 57.93 48.17 40.24 59.50 41.32 44.71 57.47 53.57 50.27 45.85 56.70 50.18 43.68 55.16 42.42 56.40 59.39 51.77 59.31 49.21 54.17 40.79 
63.23 57.29 54.46 48.10 51.27 55.18 48.41 56.49 49.34 45.01 50.42 52.91 61.65 58.31 53.80 53.26 59.32 54.21 61.36 55.14 55.07 51.76 64.13 55.07 55.12 53.77 53.73 61.26 47.83 
68.19 55.12 54.58 57.30 63.63 54.19 61.88 64.35 56.40 50.83 68.90 58.42 67.22 64.75 51.79 67.53 66.50 53.14 64.07 52.04 59.28 62.28 55.90 60.96 63.21 57.17 59.15 64.96 53.15 63.91 55.58 
62.17 69.76 57.96 68.59 60.28 63.45 55.94 74.27 63.82 56.23 60.32 69.88 59.25 61.31 67.75 72.58 73.64 66.22 65.16 71.50 61.30 55.84 57.94 69.91 64.36 72.60 56.37 55.62 71.57 64.48 
75.49 60.30 63.55 64.75 78.98 65.02 63.45 63.30 75.47 69.59 69.12 62.13 71.55 60.88 76.28 65.96 71.11 61.68 72.55 74.05 66.64 63.20 65.10 69.76 69.40 64.36 67.69 74.33 75.73 71.85 75.19 
71.99 70.50 73.63 71.31 80.24 70.11 82.72 77.58 83.48 70.11 70.27 75.78 78.56 75.58 78.22 83.67 87.87 86.92 71.14 87.97 72.52 79.27 75.44 89.92 85.73 74.07 80.69 82.45 85.92 87.22 
98.76 95.00 98.09 81.20 95.91 96.46 97.29 89.16 98.11 85.71 90.29 99.22 85.16 97.44 85.36 84.13 91.15 84.24 85.02 83.55 88.43 88.72 89.36 93.99 94.21 97.13 84.51 86.72 96.20 89.49 80.71 
92.59 85.82 103.39 92.38 98.25 85.77 85.79 99.23 91.40 93.26 86.46 101.35 99.11 103.67 85.31 93.91 87.42 88.50 86.57 95.42 91.63 87.69 95.89 94.91 91.61 102.44 86.12 104.15 85.55 86.67 88.99 
95.72 93.73 89.55 80.94 80.03 96.78 99.69 86.22 96.89 90.70 97.34 97.01 97.14 81.51 99.35 84.40 92.06 93.80 85.40 95.11 89.09 94.23 97.67 90.67 85.95 87.37 88.13 86.92 84.42 82.96 
82.85 76.52 84.58 76.52 84.19 83.31 80.74 77.08 82.42 79.69 82.33 79.22 84.42 76.15 84.28 79.30 76.73 84.25 81.94 75.42 81.11 80.29 79.30 80.67 78.27 83.33 84.30 75.63 84.52 78.71 80.43 
60.52 55.77 70.03 64.07 56.36 65.76 60.11 60.95 67.77 62.30 55.73 63.48 74.28 69.29 58.38 65.82 60.90 73.20 74.92 67.17 56.11 72.81 68.28 73.23 64.61 67.77 62.36 73.46 66.89 69.70 
44.44 45.18 56.56 49.09 44.34 42.03 59.30 46.23 40.95 51.57 50.86 49.07 61.92 63.69 54.77 50.53 59.27 44.65 56.18 48.06 46.41 49.76 56.62 46.70 50.99 56.74 42.90 46.84 45.85 42.29 50.16 
